epoch, nexamples, train_loss, val_loss, val_acc
0, 300, 0.686009506385, 0.65666856936, 0.804285713605
0, 600, 0.662030299505, 0.508258513042, 0.804285713605
0, 900, 0.625394894017, 0.505028652293, 0.804285713605
0, 1200, 0.607984557748, 0.558443776199, 0.804285713605
0, 1500, 0.603480533759, 0.5621174063, 0.804285713605
0, 1800, 0.600625766648, 0.545998437064, 0.804285713605
0, 2100, 0.59202424969, 0.517189068454, 0.804285713605
0, 2400, 0.580685490121, 0.492612306561, 0.804285713605
0, 2700, 0.57178053591, 0.506060757807, 0.804285713605
